x	y	mask	nodeID	code	chrom	start	end
1	-1	False	189806	0	13	18730923	18731523
1	-1	False	190162	0	13	20456612	20457212
1	-1	False	190165	0	13	20469952	20470552
1	-1	False	190166	0	13	20472684	20473284
1	-1	False	190154	0	13	20425034	20425634
1	-1	False	190170	0	13	20483430	20484030
1	-1	False	190308	0	13	20895591	20896191
1	-1	False	190373	1	13	21061248	21061848
1	-1	False	190413	0	13	21169973	21170573
1	-1	False	190222	0	13	20639451	20640051
1	-1	False	190349	0	13	20994616	20995216
1	-1	False	190398	1	13	21140245	21140845
1	-1	False	190565	0	13	21742683	21743283
1	-1	False	190118	0	13	20255230	20255830
1	-1	False	190124	0	13	20280582	20281182
1	-1	False	190260	0	13	20754151	20754751
1	-1	False	190311	0	13	20903447	20904047
1	-1	False	190381	0	13	21093875	21094475
1	-1	False	190496	0	13	21484732	21485332
1	-1	False	194770	0	13	41934708	41935308
1	-1	False	190227	0	13	20652315	20652915
1	-1	False	190338	0	13	20963751	20964351
1	-1	False	190175	0	13	20495685	20496285
1	0	True	190310	1	13	20902445	20903045
1	-1	False	190326	0	13	20931773	20932373
1	-1	False	190328	0	13	20934726	20935326
1	-1	False	190329	0	13	20938296	20938896
1	-1	False	190344	0	13	20985478	20986078
1	-1	False	190354	0	13	21010768	21011368
1	-1	False	190374	0	13	21067223	21067823
1	-1	False	190377	0	13	21078884	21079484
1	-1	False	190387	0	13	21112755	21113355
1	-1	False	190388	0	13	21114126	21114726
1	-1	False	190389	0	13	21115814	21116414
1	-1	False	190395	0	13	21128824	21129424
1	-1	False	190396	0	13	21130279	21130879
1	-1	False	190405	0	13	21150421	21151021
1	-1	False	190412	0	13	21167861	21168461
1	-1	False	190414	0	13	21171108	21171708
1	-1	False	190417	0	13	21179501	21180101
1	-1	False	190419	0	13	21190823	21191423
1	-1	False	190427	0	13	21219059	21219659
1	-1	False	190451	0	13	21336529	21337129
1	-1	False	190479	0	13	21430814	21431414
1	-1	False	190490	0	13	21462626	21463226
1	-1	False	190501	0	13	21496990	21497590
1	-1	False	190569	0	13	21760214	21760814
1	-1	False	202144	0	13	94784660	94785260
1	-1	False	190323	0	13	20923170	20923770
1	-1	False	190433	0	13	21247413	21248013
1	-1	False	190230	0	13	20662245	20662845
1	-1	False	190239	0	13	20700150	20700750
1	-1	False	190187	0	13	20518335	20518935
1	-1	False	190224	0	13	20642194	20642794
1	-1	False	190246	0	13	20712657	20713257
1	-1	False	190298	0	13	20869670	20870270
1	-1	False	190495	0	13	21478920	21479520
1	-1	False	190287	0	13	20826893	20827493
1	-1	False	190306	0	13	20890897	20891497
1	-1	False	190494	0	13	21476478	21477078
1	-1	False	190192	0	13	20535563	20536163
1	-1	False	190378	0	13	21081310	21081910
1	-1	False	190327	0	13	20933577	20934177
1	-1	False	190507	0	13	21520251	21520851
1	-1	False	190399	0	13	21141914	21142514
1	-1	False	190351	0	13	21002233	21002833
1	-1	False	190948	0	13	23828504	23829104
1	-1	False	190401	0	13	21145069	21145669
1	-1	False	190492	0	13	21468013	21468613
1	-1	False	190288	0	13	20828254	20828854
1	-1	False	190386	0	13	21110694	21111294
1	-1	False	190409	0	13	21163767	21164367
1	-1	False	190420	0	13	21194783	21195383
1	-1	False	190421	0	13	21196519	21197119
1	-1	False	190390	0	13	21119029	21119629
1	-1	False	191562	0	13	26440755	26441355
1	-1	False	190481	0	13	21433843	21434443
1	-1	False	190889	0	13	23592691	23593291
1	-1	False	192855	0	13	30968187	30968787
1	-1	False	190505	0	13	21512983	21513583
1	-1	False	190174	0	13	20492252	20492852
1	-1	False	190269	0	13	20778875	20779475
1	-1	False	190430	0	13	21235889	21236489
1	-1	False	190150	0	13	20416676	20417276
1	-1	False	190238	0	13	20692047	20692647
1	-1	False	190261	0	13	20755424	20756024
1	-1	False	190322	0	13	20922121	20922721
1	-1	False	190324	0	13	20924653	20925253
1	-1	False	194664	0	13	41533610	41534210
1	-1	False	189994	0	13	19898434	19899034
1	-1	False	190048	0	13	20056530	20057130
1	-1	False	190091	0	13	20163579	20164179
1	-1	False	190296	0	13	20853002	20853602
1	-1	False	190302	0	13	20878509	20879109
1	-1	False	190320	0	13	20920260	20920860
1	-1	False	190330	0	13	20939906	20940506
1	-1	False	190442	0	13	21293880	21294480
1	-1	False	190450	0	13	21331917	21332517
1	-1	False	190466	0	13	21376111	21376711
1	-1	False	190477	0	13	21416186	21416786
1	-1	False	190980	0	13	23931880	23932480
1	-1	False	190315	0	13	20911492	20912092
1	-1	False	190407	0	13	21153454	21154054
1	-1	False	190211	0	13	20594903	20595503
1	-1	False	190319	0	13	20918987	20919587
1	-1	False	190189	1	13	20525556	20526156
1	-1	False	190415	0	13	21174755	21175355
1	-1	False	195448	0	13	44917236	44917836
1	-1	False	190631	0	13	22080269	22080869
1	-1	False	190950	0	13	23837241	23837841
1	-1	False	190235	0	13	20681179	20681779
1	-1	False	190408	0	13	21155957	21156557
1	-1	False	190331	0	13	20941955	20942555
1	-1	False	190383	0	13	21101117	21101717
1	-1	False	190164	0	13	20466561	20467161
1	-1	False	190167	0	13	20474140	20474740
1	-1	False	190332	0	13	20943801	20944401
1	-1	False	191352	0	13	25504215	25504815
1	-1	False	190161	0	13	20454686	20455286
1	-1	False	190099	0	13	20184396	20184996
1	-1	False	190106	0	13	20199759	20200359
1	-1	False	190177	0	13	20500790	20501390
1	-1	False	190243	0	13	20705009	20705609
1	-1	False	194660	0	13	41516693	41517293
1	-1	False	194668	0	13	41547680	41548280
1	-1	False	190042	0	13	20039229	20039829
1	-1	False	190041	0	13	20034777	20035377
1	-1	False	190531	0	13	21606442	21607042
1	-1	False	190456	0	13	21353677	21354277
1	-1	False	190422	0	13	21204114	21204714
1	-1	False	190488	0	13	21458304	21458904
1	-1	False	190053	0	13	20071826	20072426
1	-1	False	190212	0	13	20598411	20599011
1	-1	False	190232	0	13	20670548	20671148
1	-1	False	190268	0	13	20775324	20775924
1	-1	False	190271	0	13	20781270	20781870
1	-1	False	190309	0	13	20897367	20897967
1	-1	False	192697	0	13	30405255	30405855
1	-1	False	195403	0	13	44758403	44759003
1	-1	False	195452	0	13	44926816	44927416
1	-1	False	195453	0	13	44929830	44930430
1	-1	False	190149	0	13	20406616	20407216
1	-1	False	190402	0	13	21146101	21146701
1	-1	False	190404	0	13	21149328	21149928
1	-1	False	190612	0	13	21987772	21988372
1	-1	False	190416	1	13	21176081	21176681
1	-1	False	190334	0	13	20952949	20953549
1	-1	False	190504	0	13	21507343	21507943
1	-1	False	190728	0	13	22795007	22795607
1	-1	False	190290	0	13	20831739	20832339
1	-1	False	198004	0	13	59474752	59475352
1	-1	False	194807	0	13	42045794	42046394
1	-1	False	190058	0	13	20090524	20091124
1	-1	False	189904	1	13	19633361	19633961
1	-1	False	190244	0	13	20706826	20707426
1	-1	False	190411	0	13	21166523	21167123
1	-1	False	190072	0	13	20123321	20123921
1	-1	False	190281	0	13	20807649	20808249
1	-1	False	190301	0	13	20877119	20877719
1	-1	False	192702	0	13	30418048	30418648
1	-1	False	194353	0	13	40473231	40473831
1	-1	False	195405	0	13	44763522	44764122
1	-1	False	195427	0	13	44839329	44839929
1	-1	False	190316	0	13	20912308	20912908
1	-1	False	190609	0	13	21978716	21979316
1	-1	False	192983	0	13	31558268	31558868
1	-1	False	190392	0	13	21123314	21123914
1	-1	False	190448	0	13	21326084	21326684
1	-1	False	190951	0	13	23838847	23839447
1	-1	False	189903	0	13	19631296	19631896
1	-1	False	191887	0	13	27414817	27415417
1	-1	False	196624	0	13	49627394	49627994
1	-1	False	190280	0	13	20806211	20806811
1	-1	False	192974	0	13	31491562	31492162
1	-1	False	194439	0	13	40764126	40764726
1	-1	False	194684	0	13	41590017	41590617
1	-1	False	189846	0	13	19071289	19071889
1	-1	False	189893	0	13	19588381	19588981
1	-1	False	189896	1	13	19601673	19602273
1	-1	False	189909	0	13	19650869	19651469
1	-1	False	189910	0	13	19654852	19655452
1	-1	False	189977	1	13	19863218	19863818
1	-1	False	190013	0	13	19939514	19940114
1	-1	False	195004	0	13	42972592	42973192
1	-1	False	200325	0	13	80414273	80414873
1	-1	False	197758	0	13	55528333	55528933
1	-1	False	195393	0	13	44706305	44706905
1	-1	False	190276	0	13	20794522	20795122
1	-1	False	189916	0	13	19671784	19672384
1	-1	False	189898	0	13	19609826	19610426
1	-1	False	189908	0	13	19645199	19645799
1	-1	False	189848	0	13	19086790	19087390
1	-1	False	189867	0	13	19234749	19235349
1	-1	False	189940	0	13	19764703	19765303
1	-1	False	189943	0	13	19772292	19772892
1	-1	False	189945	0	13	19780862	19781462
1	-1	False	189986	0	13	19880057	19880657
1	-1	False	190008	0	13	19928927	19929527
1	-1	False	190010	0	13	19932609	19933209
1	-1	False	195322	0	13	44478952	44479552
1	-1	False	190111	0	13	20226022	20226622
1	-1	False	190028	0	13	19979143	19979743
1	-1	False	189891	0	13	19564101	19564701
1	-1	False	189829	0	13	18969122	18969722
1	-1	False	198766	0	13	67506967	67507567
1	-1	False	190096	0	13	20175638	20176238
1	-1	False	195356	0	13	44580981	44581581
1	-1	False	190027	0	13	19970535	19971135
1	-1	False	190264	0	13	20765869	20766469
1	-1	False	190012	0	13	19935885	19936485
1	-1	False	194477	0	13	40942688	40943288
1	-1	False	194521	0	13	41073258	41073858
1	-1	False	194526	0	13	41082424	41083024
1	-1	False	194530	0	13	41090808	41091408
1	-1	False	194567	0	13	41220527	41221127
1	-1	False	194569	0	13	41223664	41224264
1	-1	False	194531	0	13	41096637	41097237
1	-1	False	194534	0	13	41105067	41105667
1	-1	False	194880	0	13	42347093	42347693
1	-1	False	194578	0	13	41247338	41247938
1	-1	False	194542	0	13	41131896	41132496
1	-1	False	194669	0	13	41549515	41550115
1	-1	False	194694	0	13	41628690	41629290
1	-1	False	194537	0	13	41118950	41119550
1	-1	False	193761	0	13	36829777	36830377
1	-1	False	194680	0	13	41578107	41578707
1	-1	False	193769	0	13	36846742	36847342
1	-1	False	194651	0	13	41490479	41491079
1	-1	False	193595	0	13	35980993	35981593
1	-1	False	193810	0	13	36998584	36999184
edge index:
0	1
1	0
1	2
1	3
2	4
2	1
2	5
2	6
2	7
2	8
3	1
4	2
4	9
4	10
4	11
4	12
5	13
5	14
5	2
5	15
6	2
6	16
7	2
7	17
7	18
7	19
8	2
9	4
9	20
10	4
10	21
11	4
11	22
11	23
11	24
11	25
11	26
11	27
11	28
11	29
11	30
11	31
11	32
11	33
11	34
11	35
11	36
11	37
11	38
11	39
11	40
11	41
11	42
11	43
11	44
11	45
12	4
12	46
13	5
14	5
14	47
15	5
16	6
16	48
16	49
17	7
18	7
19	7
20	9
20	50
20	51
21	10
22	52
22	53
22	54
22	55
22	11
22	39
22	56
23	57
23	58
23	11
23	59
24	11
25	11
26	60
26	11
27	11
28	11
29	61
29	11
30	62
30	11
30	63
31	11
31	64
32	11
33	11
34	11
35	65
35	61
35	11
36	11
36	39
36	66
37	11
37	67
38	11
38	68
39	22
39	69
39	70
39	11
39	36
39	71
39	72
39	73
40	62
40	74
40	11
40	59
40	75
41	11
42	11
42	56
43	11
44	11
44	64
44	76
44	59
44	77
44	78
45	11
45	79
46	12
47	14
48	80
48	81
48	16
49	16
49	82
50	20
51	20
51	55
52	83
52	22
53	22
54	22
54	84
54	85
54	86
54	87
54	88
55	89
55	90
55	91
55	22
55	51
55	92
55	93
55	94
56	22
56	95
56	96
56	97
56	42
56	98
56	99
56	100
57	23
58	23
58	101
58	102
59	69
59	23
59	40
59	44
59	68
60	103
60	104
60	26
61	29
61	35
62	30
62	40
63	30
64	105
64	31
64	106
64	44
64	107
65	35
65	108
66	36
66	109
67	37
68	38
68	59
69	80
69	110
69	111
69	39
69	59
70	112
70	39
71	39
72	39
73	39
74	40
75	40
76	44
77	44
78	44
79	113
79	45
80	114
80	115
80	69
80	48
80	116
80	117
81	48
82	49
83	52
84	54
85	54
86	118
86	54
87	119
87	120
87	121
87	122
87	54
87	116
88	54
88	123
88	124
89	55
90	125
90	55
91	126
91	55
92	55
93	55
94	55
95	56
95	127
96	56
97	56
98	128
98	56
99	56
100	56
101	58
102	58
102	129
103	60
104	60
104	130
105	131
105	132
105	133
105	134
105	135
105	136
105	64
105	137
106	64
107	64
107	138
107	139
107	140
108	65
109	66
110	141
110	69
111	69
111	142
112	70
112	143
112	144
113	145
113	79
114	80
115	80
116	80
116	87
116	146
116	147
116	148
117	80
118	86
119	87
120	87
121	87
122	149
122	87
122	150
123	88
123	151
124	88
125	90
125	152
126	153
126	91
127	95
128	154
128	98
129	102
129	155
130	104
131	156
131	105
132	105
133	105
134	105
134	157
135	105
136	105
136	158
137	105
137	159
138	107
139	160
139	161
139	162
139	107
140	107
141	110
142	163
142	111
143	112
144	112
144	164
144	165
145	113
145	166
145	167
145	168
146	116
147	169
147	116
147	170
148	116
148	171
149	122
149	172
149	173
150	122
151	174
151	123
151	175
152	125
153	176
153	177
153	178
153	179
153	180
153	181
153	182
153	126
153	183
153	184
154	128
155	129
156	131
157	134
158	136
159	137
160	139
161	139
161	185
162	186
162	139
163	142
164	144
165	144
166	145
167	145
168	145
169	147
170	147
171	148
172	187
172	149
173	149
174	151
175	151
176	153
177	153
178	153
179	153
179	188
180	189
180	153
180	190
181	191
181	192
181	153
181	193
181	194
181	195
181	196
181	197
181	198
181	199
182	153
183	153
184	153
185	161
186	162
187	200
187	172
188	179
188	201
189	180
190	202
190	180
191	181
192	203
192	181
193	181
194	181
195	181
195	204
196	181
197	181
197	205
198	181
199	181
199	206
200	187
201	188
201	207
201	208
202	190
202	209
203	192
204	195
205	197
206	199
207	201
208	201
208	210
209	202
210	208
210	211
211	210
211	212
211	213
211	214
211	215
212	211
212	216
213	211
213	217
213	218
214	211
214	219
215	211
215	220
215	221
216	212
216	222
217	213
218	213
219	214
220	223
220	215
221	224
221	215
221	225
222	216
223	220
224	226
224	221
225	227
225	221
226	228
226	224
227	225
228	226
228	229
229	228
